# emitted by my_optimizer.py for the ICCAD 2026 contest
N_BLOCKS    29
N_TERMINALS 90
BASELINE_HPWL 0.0
BASELINE_AREA 0.0
OUTLINE 98.89767 98.89767
TERMINALS
0 98.0000000000 21.0000000000
1 19.0000000000 0.0000000000
2 0.0000000000 13.0000000000
3 35.0000000000 97.0000000000
4 86.0000000000 97.0000000000
5 63.0000000000 97.0000000000
6 20.0000000000 0.0000000000
7 36.0000000000 97.0000000000
8 98.0000000000 55.0000000000
9 98.0000000000 19.0000000000
10 0.0000000000 90.0000000000
11 75.0000000000 97.0000000000
12 98.0000000000 66.0000000000
13 0.0000000000 2.0000000000
14 98.0000000000 22.0000000000
15 23.0000000000 97.0000000000
16 11.0000000000 0.0000000000
17 98.0000000000 47.0000000000
18 69.0000000000 97.0000000000
19 0.0000000000 52.0000000000
20 80.0000000000 97.0000000000
21 0.0000000000 63.0000000000
22 0.0000000000 55.0000000000
23 29.0000000000 0.0000000000
24 16.0000000000 0.0000000000
25 0.0000000000 13.0000000000
26 9.0000000000 97.0000000000
27 3.0000000000 97.0000000000
28 0.0000000000 55.0000000000
29 74.0000000000 97.0000000000
30 0.0000000000 32.0000000000
31 82.0000000000 97.0000000000
32 42.0000000000 97.0000000000
33 0.0000000000 69.0000000000
34 0.0000000000 52.0000000000
35 11.0000000000 0.0000000000
36 0.0000000000 8.0000000000
37 98.0000000000 76.0000000000
38 0.0000000000 93.0000000000
39 58.0000000000 97.0000000000
40 73.0000000000 0.0000000000
41 0.0000000000 67.0000000000
42 22.0000000000 97.0000000000
43 98.0000000000 51.0000000000
44 68.0000000000 0.0000000000
45 0.0000000000 65.0000000000
46 0.0000000000 38.0000000000
47 29.0000000000 97.0000000000
48 98.0000000000 2.0000000000
49 0.0000000000 77.0000000000
50 0.0000000000 59.0000000000
51 98.0000000000 37.0000000000
52 98.0000000000 95.0000000000
53 59.0000000000 97.0000000000
54 3.0000000000 97.0000000000
55 0.0000000000 70.0000000000
56 12.0000000000 97.0000000000
57 58.0000000000 0.0000000000
58 23.0000000000 0.0000000000
59 39.0000000000 0.0000000000
60 0.0000000000 18.0000000000
61 0.0000000000 45.0000000000
62 0.0000000000 36.0000000000
63 84.0000000000 97.0000000000
64 98.0000000000 71.0000000000
65 17.0000000000 0.0000000000
66 0.0000000000 41.0000000000
67 0.0000000000 93.0000000000
68 38.0000000000 97.0000000000
69 98.0000000000 46.0000000000
70 98.0000000000 91.0000000000
71 0.0000000000 73.0000000000
72 47.0000000000 0.0000000000
73 69.0000000000 97.0000000000
74 98.0000000000 7.0000000000
75 98.0000000000 87.0000000000
76 17.0000000000 0.0000000000
77 0.0000000000 91.0000000000
78 98.0000000000 25.0000000000
79 98.0000000000 54.0000000000
80 0.0000000000 58.0000000000
81 63.0000000000 97.0000000000
82 0.0000000000 68.0000000000
83 98.0000000000 12.0000000000
84 98.0000000000 3.0000000000
85 98.0000000000 61.0000000000
86 0.0000000000 82.0000000000
87 98.0000000000 4.0000000000
88 64.0000000000 0.0000000000
89 63.0000000000 0.0000000000
BLOCKS
0 275.0000000000 0 0 0.0000000000 0.0000000000 0.0000000000 0.0000000000 -1 0 3 0.10 10.00
1 240.0000000000 0 0 0.0000000000 0.0000000000 0.0000000000 0.0000000000 0 0 6 0.10 10.00
2 90.0000000000 0 0 0.0000000000 0.0000000000 0.0000000000 0.0000000000 -1 1 -1 0.10 10.00
3 255.0000000000 0 0 0.0000000000 0.0000000000 0.0000000000 0.0000000000 -1 -1 -1 0.10 10.00
4 240.0000000000 0 0 0.0000000000 0.0000000000 0.0000000000 0.0000000000 0 -1 4 0.10 10.00
5 551.0000000000 1 0 19.0000000000 29.0000000000 0.0000000000 0.0000000000 -1 -1 1 0.10 10.00
6 168.0000000000 1 0 12.0000000000 14.0000000000 0.0000000000 0.0000000000 -1 -1 0 0.10 10.00
7 220.0000000000 1 0 22.0000000000 10.0000000000 0.0000000000 0.0000000000 -1 -1 -1 0.10 10.00
8 342.0000000000 0 0 0.0000000000 0.0000000000 0.0000000000 0.0000000000 -1 -1 -1 0.10 10.00
9 462.0000000000 0 0 0.0000000000 0.0000000000 0.0000000000 0.0000000000 -1 -1 -1 0.10 10.00
10 152.0000000000 0 0 0.0000000000 0.0000000000 0.0000000000 0.0000000000 -1 -1 5 0.10 10.00
11 342.0000000000 0 0 0.0000000000 0.0000000000 0.0000000000 0.0000000000 -1 -1 2 0.10 10.00
12 377.0000000000 0 0 0.0000000000 0.0000000000 0.0000000000 0.0000000000 -1 -1 -1 0.10 10.00
13 240.0000000000 0 0 0.0000000000 0.0000000000 0.0000000000 0.0000000000 0 -1 0 0.10 10.00
14 414.0000000000 0 0 0.0000000000 0.0000000000 0.0000000000 0.0000000000 -1 2 -1 0.10 10.00
15 240.0000000000 0 0 0.0000000000 0.0000000000 0.0000000000 0.0000000000 0 -1 0 0.10 10.00
16 336.0000000000 0 0 0.0000000000 0.0000000000 0.0000000000 0.0000000000 -1 2 -1 0.10 10.00
17 240.0000000000 0 0 0.0000000000 0.0000000000 0.0000000000 0.0000000000 0 2 3 0.10 10.00
18 702.0000000000 0 0 0.0000000000 0.0000000000 0.0000000000 0.0000000000 -1 -1 2 0.10 10.00
19 210.0000000000 0 0 0.0000000000 0.0000000000 0.0000000000 0.0000000000 -1 1 1 0.10 10.00
20 374.0000000000 0 0 0.0000000000 0.0000000000 0.0000000000 0.0000000000 -1 -1 -1 0.10 10.00
21 136.0000000000 0 0 0.0000000000 0.0000000000 0.0000000000 0.0000000000 -1 -1 -1 0.10 10.00
22 240.0000000000 0 0 0.0000000000 0.0000000000 0.0000000000 0.0000000000 0 0 -1 0.10 10.00
23 432.0000000000 0 0 0.0000000000 0.0000000000 0.0000000000 0.0000000000 -1 2 3 0.10 10.00
24 306.0000000000 0 0 0.0000000000 0.0000000000 0.0000000000 0.0000000000 -1 -1 -1 0.10 10.00
25 65.0000000000 1 0 5.0000000000 13.0000000000 0.0000000000 0.0000000000 -1 1 7 0.10 10.00
26 546.0000000000 0 0 0.0000000000 0.0000000000 0.0000000000 0.0000000000 -1 -1 2 0.10 10.00
27 240.0000000000 0 0 0.0000000000 0.0000000000 0.0000000000 0.0000000000 0 -1 -1 0.10 10.00
28 70.0000000000 0 1 7.0000000000 10.0000000000 33.0000000000 26.0000000000 -1 -1 -1 0.10 10.00
B2B 176
0 15 0.0017231476
0 22 0.0051694429
0 23 0.0017231476
0 27 0.0011487651
1 0 0.0045950604
1 14 0.0028719127
1 20 0.0017231476
1 23 0.0028719127
1 27 0.0017231476
2 0 0.0011487651
2 17 0.0103388857
2 19 0.0068925903
2 25 0.0114876507
3 4 0.0011487651
3 7 0.0017231476
3 8 0.0028719127
3 9 0.0011487651
3 11 0.0028719127
3 13 0.0005743825
3 14 0.0017231476
3 16 0.0011487651
3 18 0.0028719127
3 24 0.0028719127
3 26 0.0034462952
4 13 0.0011487651
4 15 0.0028719127
4 18 0.0051694429
5 2 0.0011487651
5 8 0.0045950604
5 12 0.0051694429
5 16 0.0011487651
5 17 0.0017231476
5 20 0.0005743825
5 24 0.0005743825
6 4 0.0017231476
6 8 0.0005743825
6 11 0.0011487651
6 15 0.0028719127
7 6 0.0017231476
7 9 0.0022975302
7 11 0.0028719127
7 12 0.0005743825
7 13 0.0005743825
7 14 0.0011487651
7 15 0.0005743825
7 16 0.0103388857
7 23 0.0028719127
7 27 0.0028719127
8 9 0.0005743825
8 10 0.0022975302
8 12 0.0017231476
8 21 0.0011487651
8 26 0.0011487651
8 28 0.0017231476
9 0 0.0022975302
9 3 0.0011487651
9 6 0.0022975302
9 7 0.0022975302
9 11 0.0028719127
9 13 0.0045950604
9 16 0.0011487651
9 18 0.0022975302
9 22 0.0005743825
9 24 0.0028719127
9 27 0.0017231476
10 5 0.0011487651
10 18 0.0005743825
10 24 0.0017231476
11 4 0.0005743825
11 10 0.0011487651
11 18 0.0022975302
11 24 0.0028719127
12 2 0.0005743825
12 7 0.0005743825
12 8 0.0017231476
12 17 0.0017231476
12 19 0.0017231476
12 20 0.0028719127
12 23 0.0005743825
12 24 0.0011487651
13 6 0.0017231476
13 20 0.0011487651
13 22 0.0017231476
13 28 0.0017231476
14 7 0.0011487651
14 9 0.0011487651
14 17 0.0011487651
14 21 0.0017231476
15 1 0.0011487651
15 3 0.0005743825
15 6 0.0028719127
15 16 0.0028719127
15 22 0.0051694429
15 27 0.0011487651
16 13 0.0028719127
16 15 0.0028719127
16 19 0.0005743825
16 20 0.0045950604
16 23 0.0034462952
16 24 0.0017231476
17 2 0.0103388857
17 8 0.0022975302
17 21 0.0011487651
17 24 0.0005743825
18 6 0.0011487651
18 28 0.0017231476
19 5 0.0045950604
19 8 0.0028719127
19 12 0.0017231476
19 17 0.0045950604
19 21 0.0028719127
19 25 0.0028719127
19 27 0.0028719127
20 0 0.0028719127
20 1 0.0017231476
20 4 0.0005743825
20 7 0.0028719127
20 12 0.0028719127
20 14 0.0011487651
20 15 0.0045950604
20 18 0.0017231476
20 22 0.0045950604
21 9 0.0028719127
21 10 0.0005743825
21 11 0.0011487651
21 12 0.0011487651
21 14 0.0017231476
21 16 0.0011487651
21 19 0.0028719127
21 24 0.0103388857
21 26 0.0011487651
21 28 0.0011487651
22 1 0.0011487651
22 3 0.0005743825
22 6 0.0011487651
22 9 0.0005743825
22 13 0.0017231476
22 15 0.0051694429
22 17 0.0005743825
22 23 0.0017231476
22 28 0.0005743825
23 0 0.0017231476
23 7 0.0028719127
23 12 0.0005743825
23 17 0.0051694429
23 20 0.0011487651
23 28 0.0011487651
24 6 0.0005743825
24 9 0.0028719127
24 10 0.0017231476
24 11 0.0028719127
24 16 0.0017231476
24 26 0.0022975302
25 19 0.0028719127
26 3 0.0034462952
26 8 0.0011487651
26 18 0.0028719127
26 19 0.0005743825
26 24 0.0022975302
26 25 0.0011487651
27 1 0.0017231476
27 12 0.0011487651
27 13 0.0022975302
27 14 0.0051694429
27 16 0.0028719127
27 19 0.0028719127
27 20 0.0022975302
27 22 0.0103388857
28 3 0.0068925903
28 5 0.0011487651
28 7 0.0017231476
28 9 0.0011487651
28 11 0.0017231476
28 15 0.0005743825
28 16 0.0011487651
28 26 0.0028719127
P2B 60
61 13 0.0005743825
36 4 0.0005743825
21 15 0.0005743825
45 15 0.0005743825
42 0 0.0005743825
63 25 0.0005743825
83 10 0.0005743825
15 0 0.0005743825
86 1 0.0005743825
72 11 0.0005743825
25 4 0.0005743825
66 13 0.0005743825
47 0 0.0005743825
10 1 0.0005743825
46 13 0.0005743825
41 15 0.0005743825
70 25 0.0005743825
16 4 0.0005743825
2 4 0.0005743825
4 25 0.0005743825
40 26 0.0005743825
82 15 0.0005743825
33 15 0.0005743825
50 15 0.0005743825
80 15 0.0005743825
26 1 0.0005743825
20 2 0.0005743825
30 6 0.0005743825
75 25 0.0005743825
31 2 0.0005743825
18 17 0.0005743825
49 1 0.0005743825
73 17 0.0005743825
55 15 0.0005743825
53 23 0.0005743825
29 2 0.0005743825
44 26 0.0005743825
63 2 0.0005743825
71 15 0.0005743825
23 18 0.0005743825
79 5 0.0005743825
13 4 0.0005743825
77 1 0.0005743825
31 25 0.0005743825
35 4 0.0005743825
34 13 0.0005743825
74 10 0.0005743825
67 1 0.0005743825
62 6 0.0005743825
71 1 0.0005743825
62 13 0.0005743825
11 17 0.0005743825
19 13 0.0005743825
22 15 0.0005743825
4 2 0.0005743825
28 15 0.0005743825
37 19 0.0005743825
60 6 0.0005743825
49 15 0.0005743825
29 17 0.0005743825
GROUPS 3
3 0 1 22
3 2 19 25
4 14 16 17 23
MIB 1
7 1 4 13 15 17 22 27
END
